CudaRuntime5/CudaRuntime5/output_0.asc
NCOLS 501
NROWS 501
XLLCORNER 535091
YLLCORNER 3.37902e+06
CELLSIZE 1
NODATA_VALUE -1
[rows 396 to 439 of 501, columns 384 to 479 of 501]
40 40 40 40 40 40 40 10.9058 10.8102 11.4286 12.0514 12.6785 13.31 15.5608 16.3623 17.1575 18.6579 20.1475 20.9199 21.6865 23.1497 24.6031 25.3491 25.3945 26.1325 26.8657 27.5941 26.9434 27.6665 27.7019 27.7368 27.0917 27.1274 27.1625 27.1971 26.5591 31.9736 32.6615 32.6802 32.6986 32.0547 31.4137 30.7757 30.1405 29.5081 29.5326 28.9042 28.2783 27.655 27.0343 26.416 25.8001 25.1866 25.8608 25.8905 25.9198 25.31 25.3399 25.3693 25.3983 24.7932 25.4551 25.4829 25.5104 25.5375 10.4429 11.125 11.8042 11.8549 12.5294 -1 -1 -1 -1 -1 -1 -1 -1 -1 -1 -1 -1 -1 -1 -1 -1 -1 -1 -1 -1 -1 -1 -1 -1 -1 -1
40 40 40 40 40 40 40 11.0054 10.9109 11.5278 12.149 12.7745 13.4043 14.0386 16.2855 17.0838 18.5895 20.0843 20.8595 21.629 23.0971 24.5553 25.3039 25.3498 26.0904 26.826 27.5568 27.5937 27.63 28.351 28.3842 27.7356 27.7697 27.8033 27.8364 27.195 32.6217 33.3099 33.3271 33.344 32.6967 32.0525 31.4113 30.773 30.795 30.1607 29.5292 28.9004 28.2742 27.6506 27.0295 26.4109 26.4403 26.4694 26.498 26.5263 25.9139 25.9427 25.9711 25.9991 26.0268 26.0541 26.081 26.1075 26.1337 11.0043 11.6873 12.3673 13.0443 13.7184 -1 -1 -1 -1 -1 -1 -1 -1 -1 -1 -1 -1 -1 -1 -1 -1 -1 -1 -1 -1 -1 -1 -1 -1 -1 -1
40 40 40 40 40 40 40 11.1034 11.0098 11.6252 12.9566 13.5828 14.2134 14.1296 14.7666 17.0098 18.5208 20.0208 20.7989 21.5712 23.0443 24.5074 25.2586 25.3049 26.048 26.7862 27.5194 27.5567 28.2826 29.0039 29.0355 28.3832 28.4158 28.4478 28.4794 27.8346 33.2735 33.962 33.9776 33.993 33.3424 32.6949 32.0504 31.4089 31.4295 30.7922 30.1576 29.5258 28.8967 28.2702 27.6462 27.6735 27.0531 27.0811 27.1086 27.1358 26.5208 26.5485 26.5759 27.2409 26.6296 26.6559 26.6819 26.7075 26.7328 11.5684 12.8828 13.5624 13.6108 -1 -1 -1 -1 -1 -1 -1 -1 -1 -1 -1 -1 -1 -1 -1 -1 -1 -1 -1 -1 -1 -1 -1 -1 -1 -1 -1
40 40 40 40 40 40 40 10.4973 10.4024 11.721 12.3392 12.9616 13.5883 14.2192 14.8545 15.4941 18.4519 19.9571 20.7381 21.5132 22.9913 24.4592 25.2131 25.2598 26.0055 26.7462 27.4819 27.5195 28.2478 28.9715 29.6907 29.0348 29.0657 29.0961 29.1261 28.4779 33.929 34.6178 34.6318 34.6456 33.9916 33.3408 32.693 32.0483 32.0675 31.4271 30.7894 30.1546 29.5224 28.893 28.2661 28.2923 27.669 27.6959 27.7223 27.7484 27.1307 27.1574 27.8246 27.8493 27.2354 27.2607 27.2857 27.3103 27.3347 12.7684 13.4518 14.1322 -1 -1 -1 -1 -1 -1 -1 -1 -1 -1 -1 -1 -1 -1 -1 -1 -1 -1 -1 -1 -1 -1 -1 -1 -1 -1 -1 -1
40 40 40 40 40 40 40 10.5943 10.5004 11.8153 12.432 13.0529 13.678 14.3073 15.6569 16.2971 16.9416 19.8932 20.6771 21.455 22.9381 24.4109 25.1674 25.2146 25.9629 26.706 27.4443 27.4822 28.2129 28.9389 29.6604 29.6901 29.7194 29.7482 29.7766 29.1248 34.5883 35.2773 35.2897 35.3019 34.6445 33.9903 33.3392 32.6912 32.709 32.0654 31.4246 30.7867 30.1515 29.5191 28.8893 28.9142 28.2882 28.3138 28.3391 28.3641 27.7437 28.413 28.437 28.4606 27.8442 27.8685 27.8924 27.9161 28.5742 13.3393 14.0235 -1 -1 -1 -1 -1 -1 -1 -1 -1 -1 -1 -1 -1 -1 -1 -1 -1 -1 -1 -1 -1 -1 -1 -1 -1 -1 -1 -1 -1
40 40 40 40 40 40 40 10.6897 10.5967 11.9079 12.5232 13.1426 13.7662 14.3939 15.7395 17.0938 18.457 18.3883 20.6158 21.3966 22.8847 24.3625 25.1216 25.1692 25.92 26.6657 27.4064 27.4447 28.1778 28.9063 29.6301 29.6601 30.377 30.4041 30.4308 29.7755 35.2513 35.9406 35.9513 35.9618 35.301 34.6433 33.9889 33.3376 33.354 32.7071 32.0632 31.4221 30.7839 30.1485 30.171 29.5395 28.9105 28.935 28.9591 28.9829 28.3597 29.0296 29.0525 29.075 28.4559 28.4791 28.5021 28.5247 29.1833 13.9128 14.5978 -1 -1 -1 -1 -1 -1 -1 -1 -1 -1 -1 -1 -1 -1 -1 -1 -1 -1 -1 -1 -1 -1 -1 -1 -1 -1 -1 -1 -1
40 40 40 40 40 40 40 10.088 9.99367 11.2991 11.9107 12.5264 13.1462 14.4791 15.1096 16.4576 17.8144 19.1799 19.114 21.338 22.8311 24.3138 25.0756 25.1237 25.8771 26.6253 27.3685 27.4071 28.1427 28.8735 29.5996 29.6299 30.349 31.0638 31.0889 30.43 35.9181 36.6076 36.6166 36.6255 35.9611 35.3 34.6422 33.9876 34.0024 33.3523 32.7052 32.061 31.4197 30.7812 30.8025 30.1679 29.536 29.5593 29.5823 29.6049 29.6272 29.6492 29.671 29.6924 29.0706 29.0928 29.1147 29.7753 29.7954 14.4892 -1 -1 -1 -1 -1 -1 -1 -1 -1 -1 -1 -1 -1 -1 -1 -1 -1 -1 -1 -1 -1 -1 -1 -1 -1 -1 -1 -1 -1 -1
40 40 40 40 40 40 40 10.1825 10.0891 11.3909 12.0012 12.6155 13.2339 13.8564 15.1918 15.8248 17.1753 18.5345 19.9024 19.8391 22.7774 24.265 25.0295 25.078 25.834 26.5847 27.3304 27.3694 28.1074 28.8406 29.569 29.5996 30.321 31.0381 31.7508 31.0883 36.5888 36.598 37.2857 37.2929 36.6249 35.9604 35.2991 34.6411 34.6544 34.001 33.3507 32.7033 32.0589 31.4173 31.4372 30.7997 30.1648 30.1869 30.2086 30.23 30.2512 30.272 30.2926 30.3129 29.6884 29.7095 30.3721 30.3914 30.4103 -1 -1 -1 -1 -1 -1 -1 -1 -1 -1 -1 -1 -1 -1 -1 -1 -1 -1 -1 -1 -1 -1 -1 -1 -1 -1 -1 -1 -1 -1 -1
40 40 40 40 40 40 40 10.2754 10.183 11.4813 12.0903 12.7032 13.3201 13.9411 15.2727 16.6129 17.2507 18.6058 19.9696 21.3421 21.2837 24.216 24.9832 25.0321 25.7907 26.544 27.2922 27.3316 28.072 28.8075 29.5384 29.5692 30.2929 31.0122 31.7271 31.7504 37.2633 37.2707 37.9586 37.964 37.2924 36.6244 35.9596 35.2982 35.31 34.6532 33.9996 33.349 32.7014 32.0567 32.0753 31.4347 30.7969 30.8177 30.8381 30.8583 30.8782 30.8979 30.9173 30.9364 30.3092 30.3292 30.9923 31.0104 -1 -1 -1 -1 -1 -1 -1 -1 -1 -1 -1 -1 -1 -1 -1 -1 -1 -1 -1 -1 -1 -1 -1 -1 -1 -1 -1 -1 -1 -1 -1 -1
40 40 40 40 40 40 40 10.3669 10.9666 11.5703 12.1779 12.7894 13.405 14.0245 15.3524 16.6887 18.0335 18.676 20.0357 21.4041 22.7811 22.7275 24.9367 24.9861 25.7473 26.5032 27.2539 27.2936 28.0364 28.7744 29.5076 29.5387 30.2647 30.9862 31.7034 31.7268 37.9416 37.9472 37.9528 38.6389 37.9637 37.292 36.6238 35.9589 35.9691 35.309 34.6521 33.9982 33.3474 32.6996 32.7167 32.0731 31.4323 31.4517 31.4709 31.4898 31.5085 31.5269 31.5451 31.563 30.9331 30.9519 31.6154 31.6324 -1 -1 -1 -1 -1 -1 -1 -1 -1 -1 -1 -1 -1 -1 -1 -1 -1 -1 -1 -1 -1 -1 -1 -1 -1 -1 -1 -1 -1 -1 -1 -1
40 40 40 40 40 40 40 9.76979 10.3662 10.9665 11.5707 12.1787 12.7908 14.1066 14.7287 16.0591 17.3978 18.745 20.1008 20.7521 22.1228 23.5021 23.4511 24.9399 25.7037 26.4622 27.2154 27.2554 28.0007 28.7411 29.4767 29.5081 30.2364 30.9602 31.6796 31.7032 37.9357 38.6276 38.6314 39.3175 38.6387 37.9634 37.2916 36.6232 35.9582 35.9683 35.308 34.6509 33.9968 33.3458 33.3616 32.7148 32.0709 32.089 32.1069 32.1246 32.142 32.1591 32.1761 32.1928 31.5601 32.2256 32.2416 -1 -1 -1 -1 -1 -1 -1 -1 -1 -1 -1 -1 -1 -1 -1 -1 -1 -1 -1 -1 -1 -1 -1 -1 -1 -1 -1 -1 -1 -1 -1 -1 -1
13.2137 13.1325 13.051 12.9691 12.8868 12.8043 12.7213 9.86037 10.4556 11.0547 11.6576 12.2644 12.8751 13.4897 14.8081 15.4328 16.7656 18.1068 19.4564 20.8144 21.4682 22.8412 24.2227 24.1742 25.66 26.421 27.1768 27.2172 27.9649 28.7077 29.4457 29.4773 30.208 30.934 31.6556 31.6795 37.9299 38.6237 39.3138 39.3156 39.3175 38.6385 37.9631 37.2912 36.6227 36.6312 35.9675 35.3071 34.6497 33.9955 34.0098 33.3599 32.7129 32.7297 32.7462 32.7626 32.7787 32.7945 32.8102 32.8257 32.1901 32.856 -1 -1 -1 -1 -1 -1 -1 -1 -1 -1 -1 -1 -1 -1 -1 -1 -1 -1 -1 -1 -1 -1 -1 -1 -1 -1 -1 -1 -1 -1 -1 -1 -1 -1
13.9565 13.8781 13.7994 13.7204 13.641 13.5612 13.4812 9.94951 10.5436 11.1414 11.7431 12.3486 12.958 13.5713 14.8861 16.2091 16.8385 18.1759 19.5216 20.8757 22.2383 22.8967 24.274 24.943 24.8969 26.3797 27.138 27.1788 27.929 28.6742 29.4146 29.4465 30.1795 30.9078 31.6316 31.6557 37.9239 38.6198 39.3118 40 40 39.3174 38.6384 37.9629 37.2908 37.2977 36.6306 35.9668 35.3061 34.6486 33.9941 34.0084 33.3582 33.3736 33.3888 33.4038 33.4186 33.4332 33.4475 33.4617 32.8233 -1 -1 -1 -1 -1 -1 -1 -1 -1 -1 -1 -1 -1 -1 -1 -1 -1 -1 -1 -1 -1 -1 -1 -1 -1 -1 -1 -1 -1 -1 -1 -1 -1 -1 -1
14.6944 14.6188 14.5429 14.4666 14.39 14.313 14.2358 10.0372 10.6302 11.2268 11.8273 12.4316 13.0397 13.6516 14.9629 16.2823 17.6099 18.9457 19.5858 20.9361 22.2947 23.6616 24.3246 24.9916 25.6629 25.6193 27.0992 27.1403 27.893 28.6406 29.3833 29.4156 30.1508 30.8815 31.6075 31.6318 37.918 38.6159 39.3099 40 40 40 39.3173 38.6382 37.9626 37.2904 37.2972 36.63 35.966 35.3052 34.6474 34.6602 34.0069 34.0209 34.0347 34.0483 34.0618 34.075 34.0881 34.101 -1 -1 -1 -1 -1 -1 -1 -1 -1 -1 -1 -1 -1 -1 -1 -1 -1 -1 -1 -1 -1 -1 -1 -1 -1 -1 -1 -1 -1 -1 -1 -1 -1 -1 -1 -1
14.7634 14.6886 14.6133 14.5378 14.462 14.3858 14.3092 9.44453 10.0343 10.6278 11.225 11.826 12.4308 13.7307 14.3451 15.6589 16.9808 18.3109 19.6491 20.2916 21.6442 23.005 24.3743 25.0395 25.7089 26.3824 26.3413 27.1017 27.8568 28.6069 29.352 29.3845 30.1221 30.855 31.5834 31.6079 37.9121 38.612 39.3079 40 40 40 40 39.3172 38.638 37.9623 37.9675 37.2968 36.6294 35.9652 35.3042 35.3155 34.659 34.6716 34.6839 34.6962 34.7082 34.7201 34.7318 34.7434 -1 -1 -1 -1 -1 -1 -1 -1 -1 -1 -1 -1 -1 -1 -1 -1 -1 -1 -1 -1 -1 -1 -1 -1 -1 -1 -1 -1 -1 -1 -1 -1 -1 -1 -1 -1
15.4937 15.4215 15.349 15.2761 15.203 15.1295 15.0557 9.53142 10.1201 10.7125 11.3086 11.9084 12.5119 13.1192 14.4216 15.0386 16.3549 17.6792 19.0117 20.3522 20.9972 22.3521 23.7152 24.3765 25.0419 25.7114 26.3851 26.3442 27.8206 28.5731 29.3206 29.3534 30.0933 30.8285 31.5591 31.5838 37.9061 38.608 39.306 40 40 40 40 40 39.3172 38.6379 37.962 37.9672 37.2964 36.6288 35.9645 35.3033 35.3145 35.3256 35.3365 35.3473 34.6948 35.3684 35.3788 -1 -1 -1 -1 -1 -1 -1 -1 -1 -1 -1 -1 -1 -1 -1 -1 -1 -1 -1 -1 -1 -1 -1 -1 -1 -1 -1 -1 -1 -1 -1 -1 -1 -1 -1 -1 -1
16.2193 16.1498 16.0799 16.0097 15.9392 15.8684 15.7973 9.61695 10.2046 10.7959 11.3908 11.9895 12.5918 13.1978 14.4969 15.8039 16.4254 17.7462 19.0751 20.4119 21.7569 22.4063 23.7656 24.4251 25.0887 25.7564 26.4282 27.1041 27.0656 28.5391 29.289 29.3221 30.0644 30.8019 31.5348 31.5597 37.9001 38.6041 39.304 40 40 40 40 40 40 39.3171 38.6377 38.6412 37.9669 37.2959 36.6282 35.9637 35.9734 35.983 35.9925 36.0018 35.3462 36.0201 -1 -1 -1 -1 -1 -1 -1 -1 -1 -1 -1 -1 -1 -1 -1 -1 -1 -1 -1 -1 -1 -1 -1 -1 -1 -1 -1 -1 -1 -1 -1 -1 -1 -1 -1 -1 -1 -1
16.9405 16.8735 16.8062 16.7387 16.6708 16.6026 16.5341 9.70114 10.2878 10.878 11.4718 12.0693 12.6704 12.59 13.8838 15.1854 16.4949 17.8122 18.4421 19.7733 21.1125 22.4598 23.1115 24.473 25.1348 25.8007 26.4707 27.1447 27.8228 27.7867 29.2574 29.2908 30.0354 30.7753 31.5104 31.5355 37.8941 38.6001 39.3021 40 40 40 40 40 40 40 39.317 38.6375 38.641 37.9666 37.2955 36.6276 35.963 36.6439 36.6518 36.6597 36.0009 -1 -1 -1 -1 -1 -1 -1 -1 -1 -1 -1 -1 -1 -1 -1 -1 -1 -1 -1 -1 -1 -1 -1 -1 -1 -1 -1 -1 -1 -1 -1 -1 -1 -1 -1 -1 -1 -1 -1
17.0001 16.9338 16.8672 16.8002 16.733 16.6655 16.5977 10.4555 11.043 11.6341 12.2288 12.8272 13.4291 13.3514 13.9588 15.2571 16.5632 17.8771 19.1989 19.8332 21.1688 22.5124 23.8641 24.5202 25.1803 25.8444 26.5125 27.1846 27.8609 28.5412 28.5074 29.2593 30.0063 30.7485 31.4859 31.5113 37.8881 38.5961 39.3001 40 40 40 40 40 40 40 40 39.3169 38.6374 38.6408 37.9663 37.295 36.6271 37.3081 37.3146 37.3209 -1 -1 -1 -1 -1 -1 -1 -1 -1 -1 -1 -1 -1 -1 -1 -1 -1 -1 -1 -1 -1 -1 -1 -1 -1 -1 -1 -1 -1 -1 -1 -1 -1 -1 -1 -1 -1 -1 -1 -1
17.7143 17.6505 17.5864 17.522 17.4573 17.3923 17.327 11.2049 11.7934 12.3854 12.9809 13.5801 14.1828 14.1079 14.7159 14.6424 15.9432 17.2517 18.5681 19.8923 20.5289 21.8668 23.2127 23.8651 24.5214 25.1817 25.846 26.5142 27.1865 27.8629 28.5433 28.5096 29.9772 30.7216 31.4613 31.4869 37.882 38.5921 39.2981 40 40 40 40 40 40 40 40 40 39.3169 39.3186 38.6406 37.966 37.2946 37.3012 37.9807 -1 -1 -1 -1 -1 -1 -1 -1 -1 -1 -1 -1 -1 -1 -1 -1 -1 -1 -1 -1 -1 -1 -1 -1 -1 -1 -1 -1 -1 -1 -1 -1 -1 -1 -1 -1 -1 -1 -1 -1 -1
18.4243 18.3629 18.3013 18.2394 18.1772 18.1147 18.0519 11.9496 12.5389 13.1318 13.7282 14.3281 14.9317 14.8593 15.4682 16.0806 16.0114 17.3167 18.6297 19.9504 21.2789 21.9199 23.2622 23.9129 24.5676 25.2261 25.8887 26.5552 27.2256 27.9001 28.5787 29.2612 29.2299 30.6947 31.4367 31.4625 37.876 38.5881 39.2961 40 40 40 40 40 40 40 40 40 40 39.3168 39.3185 38.6404 37.9657 37.9706 -1 -1 -1 -1 -1 -1 -1 -1 -1 -1 -1 -1 -1 -1 -1 -1 -1 -1 -1 -1 -1 -1 -1 -1 -1 -1 -1 -1 -1 -1 -1 -1 -1 -1 -1 -1 -1 -1 -1 -1 -1 -1
18.4779 18.4172 18.3561 18.2948 18.2332 18.1713 18.1091 12.0234 12.6117 13.2035 13.7988 14.3976 15 14.9284 15.536 16.1472 16.7621 17.3807 18.6903 20.0077 21.3327 22.6656 23.3109 23.96 24.613 25.2699 25.9307 26.5955 27.2642 27.9368 28.6135 29.2942 29.9789 29.9498 31.4119 31.438 37.8699 38.5841 39.2941 40 40 40 40 40 40 40 40 40 40 40 40 39.3184 38.6402 -1 -1 -1 -1 -1 -1 -1 -1 -1 -1 -1 -1 -1 -1 -1 -1 -1 -1 -1 -1 -1 -1 -1 -1 -1 -1 -1 -1 -1 -1 -1 -1 -1 -1 -1 -1 -1 -1 -1 -1 -1 -1 -1
19.1814 19.123 19.0643 19.0054 18.9462 18.8868 18.8271 12.7605 13.3497 13.9423 14.5385 15.1381 15.7412 15.6721 16.2805 16.8924 17.508 18.1272 19.4355 20.0641 21.3858 22.7151 24.0523 24.7018 25.3552 25.3131 25.9722 26.6352 27.3021 27.973 28.6478 29.3266 30.0094 30.6963 30.6694 31.4134 37.8638 38.5801 39.2921 40 40 40 40 40 40 40 40 40 40 40 40 40 39.3183 -1 -1 -1 -1 -1 -1 -1 -1 -1 -1 -1 -1 -1 -1 -1 -1 -1 -1 -1 -1 -1 -1 -1 -1 -1 -1 -1 -1 -1 -1 -1 -1 -1 -1 -1 -1 -1 -1 -1 -1 -1 -1 -1
19.8808 19.8248 19.7685 19.7119 19.6551 19.5981 19.5408 13.4931 14.0831 14.6766 15.2735 15.8739 16.4778 16.4113 17.0203 16.9552 17.5695 18.1874 18.8089 20.1196 21.438 22.0745 23.4061 24.0521 24.7019 25.3555 26.013 25.973 26.6361 27.3032 27.9742 28.6492 29.3281 30.0109 30.6978 30.6711 37.8577 38.576 39.2901 40 40 40 40 40 40 40 40 40 40 40 40 40 -1 -1 -1 -1 -1 -1 -1 -1 -1 -1 -1 -1 -1 -1 -1 -1 -1 -1 -1 -1 -1 -1 -1 -1 -1 -1 -1 -1 -1 -1 -1 -1 -1 -1 -1 -1 -1 -1 -1 -1 -1 -1 -1 -1
20.5764 20.5227 20.4687 20.4145 20.36 20.3053 20.2504 13.5603 14.1493 14.7417 15.3376 15.9368 16.5396 16.4736 17.0815 17.6929 17.63 18.2466 18.8669 19.4907 20.8038 22.1245 22.7632 24.0972 24.7454 25.3974 26.0532 26.7129 26.675 27.3404 28.0096 28.6828 29.3598 30.0408 30.7258 31.4148 37.1354 38.572 39.2881 40 40 40 40 40 40 40 40 40 40 40 40 -1 -1 -1 -1 -1 -1 -1 -1 -1 -1 -1 -1 -1 -1 -1 -1 -1 -1 -1 -1 -1 -1 -1 -1 -1 -1 -1 -1 -1 -1 -1 -1 -1 -1 -1 -1 -1 -1 -1 -1 -1 -1 -1 -1 -1
20.6222 20.569 20.5156 20.4619 20.4079 20.3537 20.2993 14.2858 14.8756 15.4689 16.0655 16.6655 17.269 17.2055 17.8141 18.4262 19.0418 19.661 19.6039 20.2283 20.8564 22.1737 23.4986 24.1415 24.7882 25.4387 26.0928 26.7508 27.4126 28.0783 28.0445 28.7159 29.3911 30.0703 30.7534 31.4405 37.858 37.8519 39.2861 40 40 40 40 40 40 40 40 40 40 40 -1 -1 -1 -1 -1 -1 -1 -1 -1 -1 -1 -1 -1 -1 -1 -1 -1 -1 -1 -1 -1 -1 -1 -1 -1 -1 -1 -1 -1 -1 -1 -1 -1 -1 -1 -1 -1 -1 -1 -1 -1 -1 -1 -1 -1 -1
21.3118 21.2609 21.2097 21.1582 21.1066 21.0547 21.0025 15.007 15.5977 16.1917 16.7891 17.3899 17.9941 17.9331 18.5423 19.1551 19.7713 20.3911 21.0144 21.6413 21.59 22.2222 23.5438 24.1853 24.8304 25.4793 26.1319 26.7883 27.4484 28.1124 28.7801 28.7485 29.422 30.0993 30.7806 31.4658 37.8643 38.5722 38.5681 40 40 40 40 40 40 40 40 40 40 -1 -1 -1 -1 -1 -1 -1 -1 -1 -1 -1 -1 -1 -1 -1 -1 -1 -1 -1 -1 -1 -1 -1 -1 -1 -1 -1 -1 -1 -1 -1 -1 -1 -1 -1 -1 -1 -1 -1 -1 -1 -1 -1 -1 -1 -1 -1
21.9978 21.949 21.9001 21.8509 21.8014 21.7518 21.7019 15.7241 16.3156 16.9104 17.5086 18.1101 18.715 19.3233 19.2662 19.8796 20.4965 21.1169 21.7408 22.3682 22.9993 22.952 23.5883 24.2283 24.872 25.5193 26.1704 26.8252 27.4837 28.1459 28.812 29.4819 29.4524 30.128 30.8074 31.4907 37.8706 38.5764 39.2862 39.2842 40 40 40 40 40 40 40 40 -1 -1 -1 -1 -1 -1 -1 -1 -1 -1 -1 -1 -1 -1 -1 -1 -1 -1 -1 -1 -1 -1 -1 -1 -1 -1 -1 -1 -1 -1 -1 -1 -1 -1 -1 -1 -1 -1 -1 -1 -1 -1 -1 -1 -1 -1 -1 -1
22.6802 22.6336 22.5868 22.5398 22.4926 22.4451 22.3974 15.7826 16.3731 16.9669 17.564 18.1644 18.7682 18.7101 19.3188 19.931 19.8758 20.4931 21.1138 21.7381 22.3659 22.9973 23.6322 23.5869 24.2272 24.8711 25.5187 26.17 26.825 27.4837 28.1461 28.8124 29.4824 30.1562 30.1287 30.8083 37.8767 38.5805 39.2883 40 40 40 40 40 40 40 40 -1 -1 -1 -1 -1 -1 -1 -1 -1 -1 -1 -1 -1 -1 -1 -1 -1 -1 -1 -1 -1 -1 -1 -1 -1 -1 -1 -1 -1 -1 -1 -1 -1 -1 -1 -1 -1 -1 -1 -1 -1 -1 -1 -1 -1 -1 -1 -1 -1
22.719 22.6729 22.6265 22.5799 22.5331 22.4861 22.4389 16.4932 17.0845 17.6791 18.2769 18.878 19.4825 19.4267 20.0361 20.6489 21.2651 21.8848 21.8352 22.4601 23.0884 23.7203 24.3557 24.3126 24.2694 24.9119 25.558 26.2077 26.8611 27.5182 28.1791 28.8436 29.5119 30.184 30.8599 30.8345 37.1771 37.8769 38.5807 39.2884 40 40 40 40 40 40 -1 -1 -1 -1 -1 -1 -1 -1 -1 -1 -1 -1 -1 -1 -1 -1 -1 -1 -1 -1 -1 -1 -1 -1 -1 -1 -1 -1 -1 -1 -1 -1 -1 -1 -1 -1 -1 -1 -1 -1 -1 -1 -1 -1 -1 -1 -1 -1 -1 -1
23.3959 23.3519 23.3077 23.2632 23.2185 23.1737 23.1286 16.5485 17.1388 17.7323 18.3291 18.9292 19.5325 20.1392 20.7493 21.3627 21.9796 22.5999 23.2236 23.8508 23.8067 24.4391 25.075 25.0341 24.9932 24.9521 25.5967 26.2449 26.8968 27.5523 28.2115 28.8744 29.541 30.2114 30.8855 31.5634 37.1851 37.8829 38.5847 39.2904 40 40 40 40 40 -1 -1 -1 -1 -1 -1 -1 -1 -1 -1 -1 -1 -1 -1 -1 -1 -1 -1 -1 -1 -1 -1 -1 -1 -1 -1 -1 -1 -1 -1 -1 -1 -1 -1 -1 -1 -1 -1 -1 -1 -1 -1 -1 -1 -1 -1 -1 -1 -1 -1 -1
24.0695 24.0275 23.9854 23.943 23.9005 23.8577 23.8148 16.603 17.1923 17.7848 18.3806 18.9796 19.5819 20.8479 20.7964 21.4086 22.0243 22.6433 23.2657 23.8916 24.521 25.1538 25.1135 25.7515 25.7128 25.6738 25.6348 26.2815 26.9319 27.5858 28.2435 28.9048 29.5697 30.2384 30.9108 31.587 37.8947 37.8889 38.5887 39.2924 40 40 40 40 -1 -1 -1 -1 -1 -1 -1 -1 -1 -1 -1 -1 -1 -1 -1 -1 -1 -1 -1 -1 -1 -1 -1 -1 -1 -1 -1 -1 -1 -1 -1 -1 -1 -1 -1 -1 -1 -1 -1 -1 -1 -1 -1 -1 -1 -1 -1 -1 -1 -1 -1 -1
24.7397 24.6998 24.6597 24.6194 24.5789 24.5383 24.4974 17.3051 17.8952 18.4884 19.0849 19.6846 20.2876 20.8938 21.5034 22.1162 22.7324 22.6861 23.3073 23.9319 24.5599 25.1914 25.8264 25.7881 25.7497 25.7111 25.6724 26.3177 26.2805 26.9311 27.5853 28.2431 28.9046 29.5697 30.2385 30.9111 37.9005 38.5965 39.2963 39.2944 40 40 40 -1 -1 -1 -1 -1 -1 -1 -1 -1 -1 -1 -1 -1 -1 -1 -1 -1 -1 -1 -1 -1 -1 -1 -1 -1 -1 -1 -1 -1 -1 -1 -1 -1 -1 -1 -1 -1 -1 -1 -1 -1 -1 -1 -1 -1 -1 -1 -1 -1 -1 -1 -1 -1
24.7723 24.7327 24.693 24.6531 24.6129 24.5726 24.5321 18.0034 18.5943 19.1883 19.7855 20.3859 21.645 21.5964 22.2065 22.82 23.4368 24.0569 24.6804 24.6395 25.268 25.9 26.5354 26.4992 26.4629 26.4265 26.3899 26.3533 27.0006 27.6516 28.3061 28.2745 28.9343 29.5979 30.265 30.9359 37.9063 38.6004 39.2983 40 40 40 -1 -1 -1 -1 -1 -1 -1 -1 -1 -1 -1 -1 -1 -1 -1 -1 -1 -1 -1 -1 -1 -1 -1 -1 -1 -1 -1 -1 -1 -1 -1 -1 -1 -1 -1 -1 -1 -1 -1 -1 -1 -1 -1 -1 -1 -1 -1 -1 -1 -1 -1 -1 -1 -1
25.4375 25.4 25.3622 25.3243 25.2862 25.2479 25.2094 18.6982 19.2898 19.8845 20.4823 21.0834 22.3417 22.2952 22.9059 23.52 24.1373 24.758 25.382 26.0094 26.6402 26.6046 27.2405 27.2064 27.1722 27.1379 27.1035 27.069 27.0343 27.6837 28.3367 28.9933 29.6535 29.6256 30.2911 30.9603 37.9119 38.6042 39.3002 40 40 -1 -1 -1 -1 -1 -1 -1 -1 -1 -1 -1 -1 -1 -1 -1 -1 -1 -1 -1 -1 -1 -1 -1 -1 -1 -1 -1 -1 -1 -1 -1 -1 -1 -1 -1 -1 -1 -1 -1 -1 -1 -1 -1 -1 -1 -1 -1 -1 -1 -1 -1 -1 -1 -1 -1
26.0997 26.064 26.0283 25.9923 25.9562 25.9199 25.8834 18.7453 19.3359 19.9296 20.5265 21.1265 22.3822 22.3361 22.9458 23.5587 24.1748 24.7943 25.4171 26.0432 26.6727 27.3055 27.2719 27.9098 27.8777 27.8455 27.8131 27.7807 27.7481 27.7154 28.3669 29.022 29.6806 30.3428 31.0086 30.9845 37.2234 37.9119 38.6042 39.3002 -1 -1 -1 -1 -1 -1 -1 -1 -1 -1 -1 -1 -1 -1 -1 -1 -1 -1 -1 -1 -1 -1 -1 -1 -1 -1 -1 -1 -1 -1 -1 -1 -1 -1 -1 -1 -1 -1 -1 -1 -1 -1 -1 -1 -1 -1 -1 -1 -1 -1 -1 -1 -1 -1 -1 -1
26.7588 26.7251 26.6912 26.6572 26.623 26.5887 26.5542 19.4344 20.0257 20.6202 21.2177 21.8184 23.0732 23.0292 23.6395 24.2529 24.8696 24.8301 25.4516 26.0765 26.7047 27.3362 27.9711 27.9394 27.9076 27.8757 27.8436 27.8114 27.7791 27.7467 27.7142 28.3659 29.0212 29.68 30.3423 31.0083 37.2307 37.9175 38.6079 -1 -1 -1 -1 -1 -1 -1 -1 -1 -1 -1 -1 -1 -1 -1 -1 -1 -1 -1 -1 -1 -1 -1 -1 -1 -1 -1 -1 -1 -1 -1 -1 -1 -1 -1 -1 -1 -1 -1 -1 -1 -1 -1 -1 -1 -1 -1 -1 -1 -1 -1 -1 -1 -1 -1 -1 -1
26.7856 26.7522 26.7187 26.685 26.6511 26.6171 26.5829 20.1201 20.7121 21.3072 21.9054 22.5067 23.7608 23.7188 24.3296 24.9436 25.5609 26.1814 26.8052 26.7708 27.3994 28.0314 28.6667 28.6371 28.6072 28.5773 28.5473 28.5172 28.4869 28.4566 28.4261 28.3955 29.0493 29.7066 30.3674 31.0317 37.9284 38.6153 -1 -1 -1 -1 -1 -1 -1 -1 -1 -1 -1 -1 -1 -1 -1 -1 -1 -1 -1 -1 -1 -1 -1 -1 -1 -1 -1 -1 -1 -1 -1 -1 -1 -1 -1 -1 -1 -1 -1 -1 -1 -1 -1 -1 -1 -1 -1 -1 -1 -1 -1 -1 -1 -1 -1 -1 -1 -1
27.4401 27.4086 27.3769 27.3451 27.3131 27.281 27.2487 20.1624 20.7535 21.3477 21.9449 22.5452 23.7967 23.7552 24.3649 24.9777 25.5938 26.2131 26.8357 27.4615 28.0906 28.0597 28.6937 29.3311 29.3032 29.2753 29.2473 29.2192 29.191 29.1626 29.1342 29.1057 29.077 29.7328 30.3921 31.0549 37.9338 -1 -1 -1 -1 -1 -1 -1 -1 -1 -1 -1 -1 -1 -1 -1 -1 -1 -1 -1 -1 -1 -1 -1 -1 -1 -1 -1 -1 -1 -1 -1 -1 -1 -1 -1 -1 -1 -1 -1 -1 -1 -1 -1 -1 -1 -1 -1 -1 -1 -1 -1 -1 -1 -1 -1 -1 -1 -1 -1
28.0917 28.0621 28.0322 28.0023 27.9721 27.9419 27.9115 20.8428 21.4346 22.0294 22.6273 23.2282 24.4789 24.4394 25.0496 25.663 26.2797 26.8995 27.5225 28.1488 28.7783 29.4112 30.0473 30.0215 29.9957 29.9697 29.9437 29.9175 29.8913 29.865 29.8385 29.812 29.7854 29.7587 30.4164 31.0777 -1 -1 -1 -1 -1 -1 -1 -1 -1 -1 -1 -1 -1 -1 -1 -1 -1 -1 -1 -1 -1 -1 -1 -1 -1 -1 -1 -1 -1 -1 -1 -1 -1 -1 -1 -1 -1 -1 -1 -1 -1 -1 -1 -1 -1 -1 -1 -1 -1 -1 -1 -1 -1 -1 -1 -1 -1 -1 -1 -1
31.8782 31.858 31.8378 31.8174 32.428 33.0416 34.2925 36.822 37.4512 38.0836 38.7191 38.7159 38.7126 38.7093 38.7061 38.7027 38.6994 38.6961 38.6927 38.6894 38.686 38.6826 38.6792 38.6758 38.6724 38.6689 38.6655 38.662 38.6585 38.6551 38.6516 38.648 38.6445 38.641 38.6374 -1 -1 -1 -1 -1 -1 -1 -1 -1 -1 -1 -1 -1 -1 -1 -1 -1 -1 -1 -1 -1 -1 -1 -1 -1 -1 -1 -1 -1 -1 -1 -1 -1 -1 -1 -1 -1 -1 -1 -1 -1 -1 -1 -1 -1 -1 -1 -1 -1 -1 -1 -1 -1 -1 -1 -1 -1 -1 -1 -1 -1
32.5174 32.4989 32.4804 32.4618 33.7025 34.3182 34.9369 37.4628 38.0923 38.725 39.3609 39.3593 39.3577 39.3561 39.3544 39.3528 39.3511 39.3495 39.3478 39.3462 39.3445 39.3428 39.3411 39.3394 39.3377 39.336 39.3343 39.3326 39.3309 39.3291 39.3274 39.3257 39.3239 -1 -1 -1 -1 -1 -1 -1 -1 -1 -1 -1 -1 -1 -1 -1 -1 -1 -1 -1 -1 -1 -1 -1 -1 -1 -1 -1 -1 -1 -1 -1 -1 -1 -1 -1 -1 -1 -1 -1 -1 -1 -1 -1 -1 -1 -1 -1 -1 -1 -1 -1 -1 -1 -1 -1 -1 -1 -1 -1 -1 -1 -1 -1
33.154 33.1372 33.1204 33.7304 34.3434 34.9595 35.5787 37.4679 38.0962 38.7276 39.3622 39.3606 39.359 39.3574 39.3558 39.3542 39.3525 39.3509 39.3493 39.3476 39.3459 39.3443 39.3426 39.3409 39.3392 39.3376 39.3359 39.3341 39.3324 39.3307 39.329 39.3273 -1 -1 -1 -1 -1 -1 -1 -1 -1 -1 -1 -1 -1 -1 -1 -1 -1 -1 -1 -1 -1 -1 -1 -1 -1 -1 -1 -1 -1 -1 -1 -1 -1 -1 -1 -1 -1 -1 -1 -1 -1 -1 -1 -1 -1 -1 -1 -1 -1 -1 -1 -1 -1 -1 -1 -1 -1 -1 -1 -1 -1 -1 -1 -1
33.1668 33.1502 33.1335 33.7425 34.3544 34.9694 35.5874 38.1047 38.7333 39.3651 40 40 40 40 40 40 40 40 40 40 40 40 40 40 40 40 40 40 40 40 40 -1 -1 -1 -1 -1 -1 -1 -1 -1 -1 -1 -1 -1 -1 -1 -1 -1 -1 -1 -1 -1 -1 -1 -1 -1 -1 -1 -1 -1 -1 -1 -1 -1 -1 -1 -1 -1 -1 -1 -1 -1 -1 -1 -1 -1 -1 -1 -1 -1 -1 -1 -1 -1 -1 -1 -1 -1 -1 -1 -1 -1 -1 -1 -1 -1
