CudaRuntime5/CudaRuntime5/output_0.asc
NCOLS 501
NROWS 501
XLLCORNER 535091
YLLCORNER 3.37902e+06
CELLSIZE 1
NODATA_VALUE -1
[rows 352 to 395 of 501, columns 0 to 95 of 501]
-1 -1 -1 -1 -1 -1 -1 -1 -1 -1 -1 -1 -1 -1 -1 -1 -1 -1 -1 -1 -1 -1 -1 40 40 40 40 40 40 40 40 40 40 40 40 40 40 40 40 40 40 40 40 39.4334 38.8656 38.2965 40 40 40 40 40 40 40 40 40 40 40 40 40 40 40 40 40 39.4199 38.8383 38.255 37.0875 35.9167 35.3266 34.1496 32.969 31.7848 31.1845 30.5821 29.3882 40 40 40 39.408 38.814 38.2181 37.62 37.0198 37.0145 36.411 35.8052 35.1971 34.5866 33.9736 33.962 33.3452 32.7257 32.1036 31.4788 30.8511 30.2206
-1 -1 -1 -1 -1 -1 -1 -1 -1 -1 -1 -1 -1 -1 -1 -1 -1 -1 -1 -1 -1 -1 -1 40 40 40 40 40 40 40 40 40 40 40 40 40 40 40 40 40 40 40 39.4329 38.8647 38.2952 37.7244 40 40 40 40 40 40 40 40 40 40 40 40 40 40 40 40 40 39.4187 38.8357 38.2511 37.081 35.9075 35.316 34.1363 32.9529 31.7658 31.1639 30.56 29.363 40 40 40 39.4066 38.8111 38.2136 37.614 37.0122 37.0068 36.4017 35.7942 35.1844 34.5722 33.9575 33.9457 33.327 32.7057 32.0817 31.455 30.8253 30.1928
-1 -1 -1 -1 -1 -1 -1 -1 -1 -1 -1 -1 -1 -1 -1 -1 -1 -1 -1 -1 -1 -1 -1 40 40 40 40 40 40 40 40 40 40 40 40 40 40 40 40 40 40 40 39.4319 38.8626 38.292 37.7201 40 40 40 40 40 40 40 40 40 40 40 40 40 40 40 40 40 39.4174 38.8332 38.2473 37.0745 35.8983 35.3054 34.1228 32.9366 31.7466 31.1432 30.5376 29.3376 40 40 40 39.4051 38.8081 38.2091 37.6079 37.0046 36.9991 36.3923 35.7832 35.1717 34.5577 33.9412 33.9292 33.3088 32.6856 32.0597 31.431 30.7994 30.1648
-1 -1 -1 -1 -1 -1 -1 -1 -1 -1 -1 -1 -1 -1 -1 -1 -1 -1 -1 -1 -1 -1 -1 -1 40 40 40 40 40 40 40 40 40 40 40 40 40 40 40 40 40 40 39.4308 38.8604 38.2887 37.7157 40 40 40 40 40 40 40 40 40 40 40 40 40 40 40 40 40 39.4161 38.8306 38.2433 37.0679 35.889 35.2947 34.1093 32.9202 31.7273 31.1223 30.5152 29.3121 40 40 40 39.4036 38.8051 38.2046 37.6018 36.9969 36.9914 36.3829 35.7721 35.1588 34.5431 33.9249 33.9127 33.2904 32.6653 32.0375 31.4068 30.7732 30.1366
-1 -1 -1 -1 -1 -1 -1 -1 -1 -1 -1 -1 -1 -1 -1 -1 -1 -1 -1 -1 -1 -1 -1 -1 40 40 40 40 40 40 40 40 40 40 40 40 40 40 40 40 40 40 39.4298 38.8583 38.2855 37.7113 40 40 40 40 40 40 40 40 40 40 40 40 40 40 40 40 40 39.4148 38.828 38.2394 37.0613 35.8797 35.2839 34.0957 32.9037 31.7079 31.1013 30.4925 29.2864 40 40 40 39.4021 38.8021 38.2 37.5957 36.9891 36.9835 36.3734 35.7609 35.1459 34.5284 33.9084 33.896 33.2719 32.6449 32.0152 31.3825 30.7469 30.7264
-1 -1 -1 -1 -1 -1 -1 -1 -1 -1 -1 -1 -1 -1 -1 -1 -1 -1 -1 -1 -1 -1 -1 -1 -1 40 40 40 40 40 40 40 40 40 40 40 40 40 40 40 40 40 39.4287 38.8561 38.2822 37.7069 40 40 40 40 40 40 40 40 40 40 40 40 40 40 40 40 40 39.4135 38.8254 38.2355 37.0547 35.8702 35.273 34.082 32.8871 31.6883 31.0801 30.4697 29.2605 40 40 40 39.4006 38.7991 38.1954 37.5895 36.9813 36.9756 36.3639 35.7496 35.1329 34.5137 33.8918 33.8793 33.2532 32.6244 31.9927 31.358 31.339 31.3197
-1 -1 -1 -1 -1 -1 -1 -1 -1 -1 -1 -1 -1 -1 -1 -1 -1 -1 -1 -1 -1 -1 -1 -1 -1 40 40 40 40 40 40 40 40 40 40 40 40 40 40 40 40 40 39.4276 38.8539 38.2789 37.7025 40 40 40 40 40 40 40 40 40 40 40 40 40 40 40 40 40 40 39.4114 38.821 37.6384 36.4521 35.8543 34.6614 33.4645 32.2637 31.0588 30.4468 29.2344 40 40 40 39.3991 38.7961 38.1908 37.5833 36.9734 36.9677 36.3542 35.7383 35.1198 34.4988 33.8751 33.8624 33.2345 32.6037 32.5877 32.5715 31.9345 31.9163
-1 -1 -1 -1 -1 -1 -1 -1 -1 -1 -1 -1 -1 -1 -1 -1 -1 -1 -1 -1 -1 -1 -1 -1 -1 -1 40 40 40 40 40 40 40 40 40 40 40 40 40 40 40 40 39.4265 38.8517 38.2755 37.698 40 40 40 40 40 40 40 40 40 40 40 40 40 40 40 40 40 40 39.41 38.8183 37.6329 36.4439 35.8446 34.6488 33.4491 32.2453 31.0373 30.4236 29.2081 40 40 40 39.3976 38.793 38.1861 37.577 36.9655 36.9597 36.3446 35.7269 35.1067 34.4838 33.8583 33.8454 33.2156 33.201 33.1862 33.1711 33.1557 33.1401
-1 -1 -1 -1 -1 -1 -1 -1 -1 -1 -1 -1 -1 -1 -1 -1 -1 -1 -1 -1 -1 -1 -1 -1 -1 -1 40 40 40 40 40 40 40 40 40 40 40 40 40 40 40 40 39.4254 38.8495 38.2722 37.6935 40 40 40 40 40 40 40 40 40 40 40 40 40 40 40 40 40 40 39.4087 38.8156 37.6275 36.4356 35.8349 34.6362 33.4335 32.2267 31.0157 30.4004 29.1817 40 40 40 39.3961 38.7899 38.1815 37.5707 36.9576 36.9517 36.3348 35.7154 35.0934 34.4687 33.8413 34.4455 33.8151 33.8016 33.788 33.774 33.7599 33.7455
-1 -1 -1 -1 -1 -1 -1 -1 -1 -1 -1 -1 -1 -1 -1 -1 -1 -1 -1 -1 -1 -1 -1 -1 -1 -1 -1 40 40 40 40 40 40 40 40 40 40 40 40 40 40 40 39.4243 38.8473 38.2688 37.6889 40 40 40 40 40 40 40 40 40 40 40 40 40 40 40 40 40 40 39.4074 38.8129 37.622 36.4273 35.8252 34.6235 33.4179 32.208 30.9939 30.3769 29.1551 40 40 40 39.3945 38.7868 38.1768 37.5644 36.9496 36.9436 36.325 35.7038 35.08 34.4536 34.4419 35.0489 35.0382 35.0273 35.0162 34.3805 34.3676 34.3545
-1 -1 -1 -1 -1 -1 -1 -1 -1 -1 -1 -1 -1 -1 -1 -1 -1 -1 -1 -1 -1 -1 -1 -1 -1 -1 -1 40 40 40 40 40 40 40 40 40 40 40 40 40 40 40 39.4232 38.845 38.2654 37.6844 40 40 40 40 40 40 40 40 40 40 40 40 40 40 40 40 40 40 39.406 38.8101 37.6165 36.419 35.8153 34.6108 33.4021 32.1892 30.972 30.3533 29.1283 40 40 40 39.393 38.7837 38.172 37.558 36.9415 36.9354 36.3151 35.6922 35.0666 35.0563 35.0457 35.6557 35.6462 35.6365 35.6266 35.6166 35.6065 35.5961
-1 -1 -1 -1 -1 -1 -1 -1 -1 -1 -1 -1 -1 -1 -1 -1 -1 -1 -1 -1 -1 -1 -1 -1 -1 -1 -1 -1 40 40 40 40 40 40 40 40 40 40 40 40 40 40 39.4221 38.8427 38.262 37.6798 40 40 40 40 40 40 40 40 40 40 40 40 40 40 40 40 40 40 39.4046 38.8074 37.6109 36.4106 35.8054 34.5979 33.3862 32.1703 30.95 30.3296 29.1013 40 40 40 39.3914 38.7805 38.1672 37.5515 36.9334 36.9272 36.3052 36.2976 36.2898 36.282 36.274 36.2658 36.2576 36.2492 36.2406 36.2319 36.2231 36.2141
-1 -1 -1 -1 -1 -1 -1 -1 -1 -1 -1 -1 -1 -1 -1 -1 -1 -1 -1 -1 -1 -1 -1 -1 -1 -1 -1 -1 40 40 40 40 40 40 40 40 40 40 40 40 40 40 39.4209 38.8405 38.2585 37.6751 40 40 40 40 40 40 40 40 40 40 40 40 40 40 40 40 40 40 39.4033 38.8046 37.6053 36.4021 35.7954 34.585 33.3703 32.1512 30.9278 30.3057 29.0742 40 40 40 39.3898 38.7773 38.1624 37.5451 36.9252 36.919 36.9127 36.9062 36.8997 36.893 36.8863 37.5035 37.498 36.8654 36.8582 36.8508 36.8434 36.8358
-1 -1 -1 -1 -1 -1 -1 -1 -1 -1 -1 -1 -1 -1 -1 -1 -1 -1 -1 -1 -1 -1 -1 -1 -1 -1 -1 -1 -1 40 40 40 40 40 40 40 40 40 40 40 40 40 39.4198 38.8382 38.2551 37.6704 40 40 40 40 40 40 40 40 40 40 40 40 40 40 40 40 40 40 39.4019 38.8018 37.5997 36.3936 35.7854 34.5719 33.3542 32.1321 30.9055 30.2817 29.0469 40 40 40 39.3883 38.7741 38.1576 37.5386 37.5336 38.1464 38.1426 37.5182 37.5129 37.5075 37.5021 38.1224 38.1181 38.1138 38.1094 37.4733 37.4673 37.4611
-1 -1 -1 -1 -1 -1 -1 -1 -1 -1 -1 -1 -1 -1 -1 -1 -1 -1 -1 -1 -1 -1 -1 -1 -1 -1 -1 -1 -1 40 40 40 40 40 40 40 40 40 40 40 40 40 39.4187 38.8358 38.2516 37.6657 40 40 40 40 40 40 40 40 40 40 40 40 40 40 40 40 40 40 39.4005 38.799 37.594 36.385 35.7753 34.5588 33.338 32.1128 30.883 30.2575 29.0194 40 40 40 39.3867 38.7709 38.1527 38.149 38.1452 38.7609 38.7583 38.7557 38.753 38.1254 38.1213 38.7447 38.7418 38.7389 38.736 38.733 38.0949 38.0902
-1 -1 -1 -1 -1 -1 -1 -1 -1 -1 -1 -1 -1 -1 -1 -1 -1 -1 -1 -1 -1 -1 -1 -1 -1 -1 -1 -1 -1 -1 40 40 40 40 40 40 40 40 40 40 40 40 39.4175 38.8335 38.248 37.661 40 40 40 40 40 40 40 40 40 40 40 40 40 40 40 40 40 40 39.3991 38.7962 37.5883 36.3764 35.7651 34.5456 33.3218 32.0934 30.8604 30.2331 28.9918 40 40 40 39.3851 39.3839 39.3826 38.7627 38.7602 39.3788 39.3775 39.3761 39.3748 39.3734 38.744 39.3706 39.3691 39.3676 39.3661 39.3646 39.3631 38.723
-1 -1 -1 -1 -1 -1 -1 -1 -1 -1 -1 -1 -1 -1 -1 -1 -1 -1 -1 -1 -1 -1 -1 -1 -1 -1 -1 -1 -1 -1 40 40 40 40 40 40 40 40 40 40 40 40 39.4163 38.8312 38.2445 37.6562 40 40 40 40 40 40 40 40 40 40 40 40 40 40 40 40 40 40 39.3977 38.7934 37.5826 36.3677 35.7549 34.5324 33.3054 32.0738 30.8376 30.2086 28.9639 40 40 40 40 40 40 40 40 40 40 40 40 40 40 40 40 40 40 40 40 40
-1 -1 -1 -1 -1 -1 -1 -1 -1 -1 -1 -1 -1 -1 -1 -1 -1 -1 -1 -1 -1 -1 -1 -1 -1 -1 -1 -1 -1 -1 -1 40 40 40 40 40 40 40 40 40 40 40 39.4152 38.8288 38.2409 37.6514 40 40 40 40 40 40 40 40 40 40 40 40 40 40 40 40 40 40 39.3963 38.7905 37.5768 36.3589 35.7446 34.519 33.2889 32.0542 30.8148 30.184 28.936 40 40 40 40 40 40 40 40 40 40 40 40 40 40 40 40 40 40 40 40 40
-1 -1 -1 -1 -1 -1 -1 -1 -1 -1 -1 -1 -1 -1 -1 -1 -1 -1 -1 -1 -1 -1 -1 -1 -1 -1 -1 -1 -1 -1 -1 40 40 40 40 40 40 40 40 40 40 40 39.414 38.8264 38.2373 37.6466 40 40 40 40 40 40 40 40 40 40 40 40 40 40 40 40 40 40 39.3948 38.7876 37.571 36.3501 35.7343 34.5056 33.2724 32.0344 30.7917 30.1592 28.9078 40 40 40 40 40 40 40 40 40 40 40 40 40 40 40 40 40 40 40 40 40
-1 -1 -1 -1 -1 -1 -1 -1 -1 -1 -1 -1 -1 -1 -1 -1 -1 -1 -1 -1 -1 -1 -1 -1 -1 -1 -1 -1 -1 -1 -1 -1 40 40 40 40 40 40 40 40 40 40 39.4128 38.8241 38.2337 37.6418 40 40 40 40 40 40 40 40 40 40 40 40 40 40 40 40 40 40 39.3934 38.7847 37.5652 36.3413 35.7238 34.4921 33.2557 32.0146 30.7686 30.7509 29.4973 40 40 40 40 40 40 40 40 40 40 40 40 40 40 40 40 40 40 40 40 40
-1 -1 -1 -1 -1 -1 -1 -1 -1 -1 -1 -1 -1 -1 -1 -1 -1 -1 -1 -1 -1 -1 -1 -1 -1 -1 -1 -1 -1 -1 -1 -1 -1 40 40 40 40 40 40 40 40 40 39.4116 38.8217 38.2301 37.6369 40 40 40 40 40 40 40 40 40 40 40 40 40 40 40 40 40 40 39.392 38.7818 37.5593 36.3324 35.7134 34.4785 33.2389 31.9946 31.3623 31.3455 30.7092 40 40 40 40 40 40 40 40 40 40 40 40 40 40 40 40 40 40 40 40 40
-1 -1 -1 -1 -1 -1 -1 -1 -1 -1 -1 -1 -1 -1 -1 -1 -1 -1 -1 -1 -1 -1 -1 -1 -1 -1 -1 -1 -1 -1 -1 -1 -1 40 40 40 40 40 40 40 40 40 39.4104 38.8192 38.2264 37.632 40 40 40 40 40 40 40 40 40 40 40 40 40 40 40 40 40 40 39.3905 38.7789 37.5534 36.3235 35.7028 34.4648 33.8382 32.5918 31.959 31.9432 31.3063 40 40 40 40 40 40 40 40 40 40 40 40 40 40 40 40 40 40 40 40 40
-1 -1 -1 -1 -1 -1 -1 -1 -1 -1 -1 -1 -1 -1 -1 -1 -1 -1 -1 -1 -1 -1 -1 -1 -1 -1 -1 -1 -1 -1 -1 -1 -1 -1 40 40 40 40 40 40 40 40 39.4092 38.8168 38.2227 37.627 40 40 40 40 40 40 40 40 40 40 40 40 40 40 40 40 40 40 39.3891 38.7759 37.5475 36.3145 35.6922 35.0676 34.4405 33.8109 32.5587 32.544 31.9065 40 40 40 40 40 40 40 40 40 40 40 40 40 40 40 40 40 40 40 40 40
-1 -1 -1 -1 -1 -1 -1 -1 -1 -1 -1 -1 -1 -1 -1 -1 -1 -1 -1 -1 -1 -1 -1 -1 -1 -1 -1 -1 -1 -1 -1 -1 -1 -1 40 40 40 40 40 40 40 40 39.408 38.8144 38.219 37.622 40 40 40 40 40 40 40 40 40 40 40 40 40 40 40 40 40 40 39.3876 38.773 37.5415 36.9212 36.2985 35.6734 35.0459 34.4158 33.7831 33.1478 32.5098 40 40 40 40 40 40 40 40 40 40 40 40 40 40 40 40 40 40 40 40 40
-1 -1 -1 -1 -1 -1 -1 -1 -1 -1 -1 -1 -1 -1 -1 -1 -1 -1 -1 -1 -1 -1 -1 -1 -1 -1 -1 -1 -1 -1 -1 -1 -1 -1 -1 40 40 40 40 40 40 40 39.4068 38.8119 38.2153 37.617 40 40 40 40 40 40 40 40 40 40 40 40 40 40 40 40 40 40 39.3861 38.77 38.1516 37.5309 36.9078 36.2822 35.6542 35.0237 34.3905 33.7547 33.1161 40 40 40 40 40 40 40 40 40 40 40 40 40 40 40 40 40 40 40 40 40
-1 -1 -1 -1 -1 -1 -1 -1 -1 -1 -1 -1 -1 -1 -1 -1 -1 -1 -1 -1 -1 -1 -1 -1 -1 -1 -1 -1 -1 -1 -1 -1 -1 -1 -1 40 40 40 40 40 40 40 39.4055 38.8094 38.2116 37.612 40 40 40 40 40 40 40 40 40 40 40 40 40 40 40 40 40 40 39.3846 38.767 38.1471 37.5248 36.9001 36.2729 35.6432 35.011 34.3761 33.7386 33.0983 40 40 40 40 40 40 40 40 40 40 40 40 40 40 40 40 40 40 40 40 40
-1 -1 -1 -1 -1 -1 -1 -1 -1 -1 -1 -1 -1 -1 -1 -1 -1 -1 -1 -1 -1 -1 -1 -1 -1 -1 -1 -1 -1 -1 -1 -1 -1 -1 -1 -1 40 40 40 40 40 40 39.4043 38.8069 38.2078 37.6069 40 40 40 40 40 40 40 40 40 40 40 40 40 40 40 40 40 40 39.3831 38.764 38.1425 37.5186 36.8923 36.2635 35.6322 34.9983 34.3617 33.7224 33.0803 40 40 40 40 40 40 40 40 40 40 40 40 40 40 40 40 40 40 40 40 40
-1 -1 -1 -1 -1 -1 -1 -1 -1 -1 -1 -1 -1 -1 -1 -1 -1 -1 -1 -1 -1 -1 -1 -1 -1 -1 -1 -1 -1 -1 -1 -1 -1 -1 -1 -1 -1 40 40 40 40 40 39.4031 38.8044 38.204 37.6018 40 40 40 40 40 40 40 40 40 40 40 40 40 40 40 40 40 40 39.3816 38.761 38.1379 37.5125 36.8846 36.2541 35.6211 34.9855 34.3472 33.7061 33.0622 40 40 40 40 40 40 40 40 40 40 40 40 40 40 40 40 40 40 40 40 40
-1 -1 -1 -1 -1 -1 -1 -1 -1 -1 -1 -1 -1 -1 -1 -1 -1 -1 -1 -1 -1 -1 -1 -1 -1 -1 -1 -1 -1 -1 -1 -1 -1 -1 -1 -1 -1 40 40 40 40 40 39.4018 38.8019 38.2002 37.5967 40 40 40 40 40 40 40 40 40 40 40 40 40 40 40 40 40 40 39.3801 38.7579 38.1333 37.5063 36.8767 36.2447 35.61 34.9726 34.3326 33.6897 33.044 40 40 40 40 40 40 40 40 40 40 40 40 40 40 40 40 40 40 40 40 40
-1 -1 -1 -1 -1 -1 -1 -1 -1 -1 -1 -1 -1 -1 -1 -1 -1 -1 -1 -1 -1 -1 -1 -1 -1 -1 -1 -1 -1 -1 -1 -1 -1 -1 -1 -1 -1 -1 40 40 40 40 39.4006 38.7994 38.1964 37.5915 40 40 40 40 40 40 40 40 40 40 40 40 40 40 40 40 40 40 39.3786 38.7549 38.1287 37.5 36.8689 36.2351 35.5988 34.9597 34.3179 33.6733 33.0258 40 40 40 40 40 40 40 40 40 40 40 40 40 40 40 40 40 40 40 40 40
-1 -1 -1 -1 -1 -1 -1 -1 -1 -1 -1 -1 -1 -1 -1 -1 -1 -1 -1 -1 -1 -1 -1 -1 -1 -1 -1 -1 -1 -1 -1 -1 -1 -1 -1 -1 -1 -1 40 40 40 40 39.3993 38.7968 38.1925 37.5864 40 40 40 40 40 40 40 40 40 40 40 40 40 40 40 40 40 40 39.3771 38.7518 38.124 37.4938 36.861 36.2256 35.5875 34.9467 34.3032 33.6567 33.0074 40 40 40 40 40 40 40 40 40 40 40 40 40 40 40 40 40 40 40 40 40
-1 -1 -1 -1 -1 -1 -1 -1 -1 -1 -1 -1 -1 -1 -1 -1 -1 -1 -1 -1 -1 -1 -1 -1 -1 -1 -1 -1 -1 -1 -1 -1 -1 -1 -1 -1 -1 -1 -1 40 40 40 39.398 38.7942 38.1886 37.5812 40 40 40 40 40 40 40 40 40 40 40 40 40 40 40 40 40 40 39.3756 38.7487 38.1194 37.4875 36.853 36.216 35.5762 34.9337 34.2883 33.6401 32.989 40 40 40 40 40 40 40 40 40 40 40 40 40 40 40 40 40 40 40 40 40
-1 -1 -1 -1 -1 -1 -1 -1 -1 -1 -1 -1 -1 -1 -1 -1 -1 -1 -1 -1 -1 -1 -1 -1 -1 -1 -1 -1 -1 -1 -1 -1 -1 -1 -1 -1 -1 -1 -1 -1 40 40 39.3967 38.7917 38.1847 37.5759 40 40 40 40 40 40 40 40 40 40 40 40 40 40 40 40 40 40 39.374 38.7456 38.1146 37.4812 36.8451 36.2063 35.5648 34.9206 34.2734 33.6234 32.9704 40 40 40 40 40 40 40 40 40 40 40 40 40 40 40 40 40 40 40 40 40
-1 -1 -1 -1 -1 -1 -1 -1 -1 -1 -1 -1 -1 -1 -1 -1 -1 -1 -1 -1 -1 -1 -1 -1 -1 -1 -1 -1 -1 -1 -1 -1 -1 -1 -1 -1 -1 -1 -1 -1 40 40 39.3955 38.7891 38.1808 37.5706 40 40 40 40 40 40 40 40 40 40 40 40 40 40 40 40 40 40 39.3725 38.7425 38.1099 37.4748 36.8371 36.1966 35.5534 34.9074 34.2585 33.6067 32.9518 40 40 40 40 40 40 40 40 40 40 40 40 40 40 40 40 40 40 40 40 40
-1 -1 -1 -1 -1 -1 -1 -1 -1 -1 -1 -1 -1 -1 -1 -1 -1 -1 -1 -1 -1 -1 -1 -1 -1 -1 -1 -1 -1 -1 -1 -1 -1 -1 -1 -1 -1 -1 -1 -1 -1 40 39.3942 38.7865 38.1769 37.5654 40 40 40 40 40 40 40 40 40 40 40 40 40 40 40 40 40 40 39.3709 38.7393 38.1052 37.4684 36.829 36.1868 35.5419 34.8941 34.2434 33.5898 32.9331 40 40 40 40 40 40 40 40 40 40 40 40 40 40 40 40 40 40 40 40 40
-1 -1 -1 -1 -1 -1 -1 -1 -1 -1 -1 -1 -1 -1 -1 -1 -1 -1 -1 -1 -1 -1 -1 -1 -1 -1 -1 -1 -1 -1 -1 -1 -1 -1 -1 -1 -1 -1 -1 -1 -1 -1 39.3929 38.7839 38.1729 37.56 40 40 40 40 40 40 40 40 40 40 40 40 40 40 40 40 40 40 39.3693 38.7362 38.1004 37.462 36.8209 36.177 35.5304 34.8808 34.2283 33.5729 32.9143 40 40 40 40 40 40 40 40 40 40 40 40 40 40 40 40 40 40 40 40 40
-1 -1 -1 -1 -1 -1 -1 -1 -1 -1 -1 -1 -1 -1 -1 -1 -1 -1 -1 -1 -1 -1 -1 -1 -1 -1 -1 -1 -1 -1 -1 -1 -1 -1 -1 -1 -1 -1 -1 -1 -1 -1 39.3916 38.7812 38.1689 37.5547 40 40 40 40 40 40 40 40 40 40 40 40 40 40 40 40 40 40 39.3678 38.733 38.0956 37.4555 36.8128 36.1672 35.5188 34.8675 34.2132 33.5558 32.8954 40 40 40 40 40 40 40 40 40 40 40 40 40 40 40 40 40 40 40 40 40
-1 -1 -1 -1 -1 -1 -1 -1 -1 -1 -1 -1 -1 -1 -1 -1 -1 -1 -1 -1 -1 -1 -1 -1 -1 -1 -1 -1 -1 -1 -1 -1 -1 -1 -1 -1 -1 -1 -1 -1 -1 -1 -1 38.7786 38.1649 37.5493 40 40 40 40 40 40 40 40 40 40 40 40 40 40 40 40 40 40 39.3662 38.7298 38.0908 37.4491 36.8046 36.1573 35.5071 34.854 34.1979 33.5387 32.8764 40 40 40 40 40 40 40 40 40 40 40 40 40 40 40 40 40 40 40 40 40
-1 -1 -1 -1 -1 -1 -1 -1 -1 -1 -1 -1 -1 -1 -1 -1 -1 -1 -1 -1 -1 -1 -1 -1 -1 -1 -1 -1 -1 -1 -1 -1 -1 -1 -1 -1 -1 -1 -1 -1 -1 -1 -1 -1 38.1609 37.5439 40 40 40 40 40 40 40 40 40 40 40 40 40 40 40 40 40 40 39.3646 38.7266 38.0859 37.4426 36.7964 36.1474 35.4954 34.8405 34.1826 33.5216 32.8574 40 40 40 40 40 40 40 40 40 40 40 40 40 40 40 40 40 40 40 40 40
-1 -1 -1 -1 -1 -1 -1 -1 -1 -1 -1 -1 -1 -1 -1 -1 -1 -1 -1 -1 -1 -1 -1 -1 -1 -1 -1 -1 -1 -1 -1 -1 -1 -1 -1 -1 -1 -1 -1 -1 -1 -1 -1 -1 38.1569 37.5385 40 40 40 40 40 40 40 40 40 40 40 40 40 40 40 40 40 40 39.363 38.7234 38.0811 37.436 36.7881 36.1374 35.4837 34.827 34.1672 33.5043 32.8382 40 40 40 40 40 40 40 40 40 40 40 40 40 40 40 40 40 40 40 40 40
-1 -1 -1 -1 -1 -1 -1 -1 -1 -1 -1 -1 -1 -1 -1 -1 -1 -1 -1 -1 -1 -1 -1 -1 -1 -1 -1 -1 -1 -1 -1 -1 -1 -1 -1 -1 -1 -1 -1 -1 -1 -1 -1 -1 -1 37.533 40 40 40 40 40 40 40 40 40 40 40 40 40 40 40 40 40 40 39.3614 38.7202 38.0762 37.4294 36.7798 36.1273 35.4719 34.8134 34.1517 33.487 32.819 40 40 40 40 40 40 40 40 40 40 40 40 40 40 40 40 40 40 40 40 40
-1 -1 -1 -1 -1 -1 -1 -1 -1 -1 -1 -1 -1 -1 -1 -1 -1 -1 -1 -1 -1 -1 -1 -1 -1 -1 -1 -1 -1 -1 -1 -1 -1 -1 -1 -1 -1 -1 -1 -1 -1 -1 -1 -1 -1 -1 40 40 40 40 40 40 40 40 40 40 40 40 40 40 40 40 40 40 39.3598 38.7169 38.0713 37.4228 36.7715 36.1173 35.46 34.7997 34.1362 33.4696 32.7997 40 40 40 40 40 40 40 40 40 40 40 40 40 40 40 40 40 40 40 40 40
-1 -1 -1 -1 -1 -1 -1 -1 -1 -1 -1 -1 -1 -1 -1 -1 -1 -1 -1 -1 -1 -1 -1 -1 -1 -1 -1 -1 -1 -1 -1 -1 -1 -1 -1 -1 -1 -1 -1 -1 -1 -1 -1 -1 -1 -1 40 40 40 40 40 40 40 40 40 40 40 40 40 40 40 40 40 40 39.3582 38.7137 38.0664 37.4162 36.7631 36.1071 35.4481 34.7859 34.1206 33.4521 32.7803 40 40 40 40 40 40 40 40 40 40 40 40 40 40 40 40 40 40 40 40 40
-1 -1 -1 -1 -1 -1 -1 -1 -1 -1 -1 -1 -1 -1 -1 -1 -1 -1 -1 -1 -1 -1 -1 -1 -1 -1 -1 -1 -1 -1 -1 -1 -1 -1 -1 -1 -1 -1 -1 -1 -1 -1 -1 -1 -1 -1 -1 40 40 40 40 40 40 40 40 40 40 40 40 40 40 40 40 40 39.3566 38.7104 38.0614 37.4095 36.7548 36.097 35.4361 34.7721 34.105 33.4345 32.7608 40 40 40 40 40 40 40 40 40 40 40 40 40 40 40 40 40 40 40 40 40
