CudaRuntime5/CudaRuntime5/output_0.asc
NCOLS 501
NROWS 501
XLLCORNER 535091
YLLCORNER 3.37902e+06
CELLSIZE 1
NODATA_VALUE -1
[rows 88 to 131 of 501, columns 0 to 95 of 501]
-1 -1 -1 -1 -1 -1 -1 -1 -1 -1 -1 -1 -1 -1 -1 -1 -1 -1 -1 -1 -1 -1 -1 -1 -1 -1 -1 -1 -1 -1 -1 -1 -1 -1 -1 -1 -1 -1 -1 -1 -1 -1 -1 -1 -1 -1 -1 -1 -1 -1 -1 -1 -1 -1 -1 -1 -1 -1 -1 -1 -1 35.3554 34.6796 34.0007 33.3184 32.6328 32.6151 31.9242 31.2297 30.5315 29.8296 29.124 29.096 29.0675 29.0387 22.1073 22.7488 23.3934 24.0412 24.6921 25.3464 26.004 26.6651 27.3297 27.9979 27.9617 28.6352 30.025 29.9938 30.024 30.0541 30.0842 30.1141 30.144 29.4719 28.8039
-1 -1 -1 -1 -1 -1 -1 -1 -1 -1 -1 -1 -1 -1 -1 -1 -1 -1 -1 -1 -1 -1 -1 -1 -1 -1 -1 -1 -1 -1 -1 -1 -1 -1 -1 -1 -1 -1 -1 -1 -1 -1 -1 -1 -1 -1 -1 -1 -1 -1 -1 -1 -1 -1 -1 -1 -1 -1 -1 -1 35.3778 34.7055 34.6934 34.0163 33.336 32.6523 32.6347 31.9457 31.2532 30.5571 29.8573 29.1537 28.4463 28.4164 28.3861 20.7847 21.421 22.0604 23.3946 23.3483 23.997 24.649 25.3043 26.665 26.6254 26.5853 27.2527 28.6342 29.3114 28.5629 28.5977 28.6323 28.6669 28.7013 28.0316 27.3661
-1 -1 -1 -1 -1 -1 -1 -1 -1 -1 -1 -1 -1 -1 -1 -1 -1 -1 -1 -1 -1 -1 -1 -1 -1 -1 -1 -1 -1 -1 -1 -1 -1 -1 -1 -1 -1 -1 -1 -1 -1 -1 -1 -1 -1 -1 -1 -1 -1 -1 -1 -1 -1 -1 -1 -1 -1 -1 -1 35.3998 34.7309 34.059 34.0456 33.3688 32.6888 32.0054 31.9864 31.2978 30.6057 29.9099 29.2105 28.5073 27.8004 27.769 27.7371 19.4696 20.1008 20.735 22.062 22.0122 22.6555 23.3019 23.2539 24.6047 25.2612 25.2172 25.8786 27.2519 27.9229 27.885 27.1317 27.171 27.2103 26.541 26.5821 25.9191
-1 -1 -1 -1 -1 -1 -1 -1 -1 -1 -1 -1 -1 -1 -1 -1 -1 -1 -1 -1 -1 -1 -1 -1 -1 -1 -1 -1 -1 -1 -1 -1 -1 -1 -1 -1 -1 -1 -1 -1 -1 -1 -1 -1 -1 -1 -1 -1 -1 -1 -1 -1 -1 -1 -1 -1 -1 -1 38.6921 38.6892 38.0295 37.3668 36.7012 36.0324 35.3605 34.6853 34.0069 33.3252 32.64 31.9513 31.9315 31.2373 30.5394 29.8377 29.1322 40 40 40 40 40 40 40 40 40 40 40 40 40 40 40 40 40 40 40 40 40
-1 -1 -1 -1 -1 -1 -1 -1 -1 -1 -1 -1 -1 -1 -1 -1 -1 -1 -1 -1 -1 -1 -1 -1 -1 -1 -1 -1 -1 -1 -1 -1 -1 -1 -1 -1 -1 -1 -1 -1 -1 -1 -1 -1 -1 -1 -1 -1 -1 -1 -1 -1 -1 -1 -1 -1 -1 -1 38.6954 38.6926 38.0345 37.3736 36.7097 36.0427 35.3726 34.6993 34.0228 33.3429 32.6597 31.973 31.9533 31.2612 30.5654 29.8658 29.1624 40 40 40 40 40 40 40 40 40 40 40 40 40 40 40 40 40 40 40 40 40
-1 -1 -1 -1 -1 -1 -1 -1 -1 -1 -1 -1 -1 -1 -1 -1 -1 -1 -1 -1 -1 -1 -1 -1 -1 -1 -1 -1 -1 -1 -1 -1 -1 -1 -1 -1 -1 -1 -1 -1 -1 -1 -1 -1 -1 -1 -1 -1 -1 -1 -1 -1 -1 -1 -1 -1 -1 39.3507 38.6986 38.6959 38.0396 37.3803 36.7182 36.053 35.3847 34.7132 34.0386 33.3606 32.6794 31.9946 31.9752 31.285 30.5913 29.8938 29.1925 40 40 40 40 40 40 40 40 40 40 40 40 40 40 40 40 40 40 40 40 40
-1 -1 -1 -1 -1 -1 -1 -1 -1 -1 -1 -1 -1 -1 -1 -1 -1 -1 -1 -1 -1 -1 -1 -1 -1 -1 -1 -1 -1 -1 -1 -1 -1 -1 -1 -1 -1 -1 -1 -1 -1 -1 -1 -1 -1 -1 -1 -1 -1 -1 -1 -1 -1 -1 -1 -1 40 39.3523 38.7019 38.6992 38.0445 37.3871 36.7266 36.0632 35.3967 34.7271 34.0543 33.3783 32.6989 32.0162 31.9969 31.3088 30.6171 29.9217 29.2225 40 40 40 40 40 40 40 40 40 40 40 40 40 40 40 40 40 40 40 40 40
-1 -1 -1 -1 -1 -1 -1 -1 -1 -1 -1 -1 -1 -1 -1 -1 -1 -1 -1 -1 -1 -1 -1 -1 -1 -1 -1 -1 -1 -1 -1 -1 -1 -1 -1 -1 -1 -1 -1 -1 -1 -1 -1 -1 -1 -1 -1 -1 -1 -1 -1 -1 -1 -1 -1 40 40 39.3539 38.7052 38.7024 38.0495 37.3937 36.735 36.0734 35.4087 34.7409 34.07 33.3959 32.7184 32.0376 32.0185 31.3324 30.6428 29.9495 29.2524 40 40 40 40 40 40 40 40 40 40 40 40 40 40 40 40 40 40 40 40 40
-1 -1 -1 -1 -1 -1 -1 -1 -1 -1 -1 -1 -1 -1 -1 -1 -1 -1 -1 -1 -1 -1 -1 -1 -1 -1 -1 -1 -1 -1 -1 -1 -1 -1 -1 -1 -1 -1 -1 -1 -1 -1 -1 -1 -1 -1 -1 -1 -1 -1 -1 -1 -1 -1 40 40 40 39.3555 38.7084 38.7057 38.0545 37.4004 36.7434 36.0836 35.4207 34.7547 34.0857 33.4134 32.7379 32.059 32.0401 31.356 30.6684 29.9771 29.2822 40 40 40 40 40 40 40 40 40 40 40 40 40 40 40 40 40 40 40 40 40
-1 -1 -1 -1 -1 -1 -1 -1 -1 -1 -1 -1 -1 -1 -1 -1 -1 -1 -1 -1 -1 -1 -1 -1 -1 -1 -1 -1 -1 -1 -1 -1 -1 -1 -1 -1 -1 -1 -1 -1 -1 -1 -1 -1 -1 -1 -1 -1 -1 -1 -1 -1 -1 -1 40 40 40 39.3572 38.7117 38.709 38.0594 37.407 36.7518 36.0937 35.4326 34.7684 34.1012 33.4308 32.7572 32.0803 32.0616 31.3795 30.6939 30.0047 29.3119 40 40 40 40 40 40 40 40 40 40 40 40 40 40 40 40 40 40 40 40 40
-1 -1 -1 -1 -1 -1 -1 -1 -1 -1 -1 -1 -1 -1 -1 -1 -1 -1 -1 -1 -1 -1 -1 -1 -1 -1 -1 -1 -1 -1 -1 -1 -1 -1 -1 -1 -1 -1 -1 -1 -1 -1 -1 -1 -1 -1 -1 -1 -1 -1 -1 -1 -1 40 40 40 40 39.3587 38.7149 38.7122 38.0643 37.4136 36.7601 36.1037 35.4444 34.7821 34.1167 33.4482 32.7765 32.1016 32.083 31.4029 30.7193 30.0322 29.3415 40 40 40 40 40 40 40 40 40 40 40 40 40 40 40 40 40 40 40 40 40
-1 -1 -1 -1 -1 -1 -1 -1 -1 -1 -1 -1 -1 -1 -1 -1 -1 -1 -1 -1 -1 -1 -1 -1 -1 -1 -1 -1 -1 -1 -1 -1 -1 -1 -1 -1 -1 -1 -1 -1 -1 -1 -1 -1 -1 -1 -1 -1 -1 -1 -1 -1 40 40 40 40 40 39.3603 38.7181 38.7155 38.0692 37.4202 36.7684 36.1138 35.4562 34.7957 34.1322 33.4655 32.7957 32.1227 32.1043 31.4262 30.7446 30.0596 29.3709 40 40 40 40 40 40 40 40 40 40 40 40 40 40 40 40 40 40 40 40 40
-1 -1 -1 -1 -1 -1 -1 -1 -1 -1 -1 -1 -1 -1 -1 -1 -1 -1 -1 -1 -1 -1 -1 -1 -1 -1 -1 -1 -1 -1 -1 -1 -1 -1 -1 -1 -1 -1 -1 -1 -1 -1 -1 -1 -1 -1 -1 -1 -1 -1 -1 40 40 40 40 40 40 39.3619 38.7213 38.7187 38.0741 37.4268 36.7767 36.1238 35.468 34.8093 34.1476 33.4828 32.8149 32.1438 32.1256 31.4494 30.7699 30.0868 29.4003 40 40 40 40 40 40 40 40 40 40 40 40 40 40 40 40 40 40 40 40 40
-1 -1 -1 -1 -1 -1 -1 -1 -1 -1 -1 -1 -1 -1 -1 -1 -1 -1 -1 -1 -1 -1 -1 -1 -1 -1 -1 -1 -1 -1 -1 -1 -1 -1 -1 -1 -1 -1 -1 -1 -1 -1 -1 -1 -1 -1 -1 -1 -1 -1 -1 40 40 40 40 40 40 39.3635 38.7245 38.7219 38.0789 37.4333 36.7849 36.1337 35.4797 34.8228 34.1629 33.5 32.8339 32.1647 32.1467 31.4725 30.795 30.114 29.4295 40 40 40 40 40 40 40 40 40 40 40 40 40 40 40 40 40 40 40 40 40
-1 -1 -1 -1 -1 -1 -1 -1 -1 -1 -1 -1 -1 -1 -1 -1 -1 -1 -1 -1 -1 -1 -1 -1 -1 -1 -1 -1 -1 -1 -1 -1 -1 -1 -1 -1 -1 -1 -1 -1 -1 -1 -1 -1 -1 -1 -1 -1 -1 -1 40 40 40 40 40 40 40 39.3651 38.7276 38.7251 38.0838 37.4398 36.7931 36.1437 35.4914 34.8362 34.1782 33.5171 32.8529 32.1856 32.1678 31.4956 30.82 30.1411 29.4586 40 40 40 40 40 40 40 40 40 40 40 40 40 40 40 40 40 40 40 40 40
-1 -1 -1 -1 -1 -1 -1 -1 -1 -1 -1 -1 -1 -1 -1 -1 -1 -1 -1 -1 -1 -1 -1 -1 -1 -1 -1 -1 -1 -1 -1 -1 -1 -1 -1 -1 -1 -1 -1 -1 -1 -1 -1 -1 -1 -1 -1 -1 -1 40 40 40 40 40 40 40 40 39.3666 38.7308 38.7283 38.0886 37.4463 36.8013 36.1535 35.503 34.8496 34.1934 33.5341 32.8718 32.2064 32.1888 31.5185 30.8449 30.168 29.4876 40 40 40 40 40 40 40 40 40 40 40 40 40 40 40 40 40 40 40 40 40
-1 -1 -1 -1 -1 -1 -1 -1 -1 -1 -1 -1 -1 -1 -1 -1 -1 -1 -1 -1 -1 -1 -1 -1 -1 -1 -1 -1 -1 -1 -1 -1 -1 -1 -1 -1 -1 -1 -1 -1 -1 -1 -1 -1 -1 -1 -1 -1 40 40 40 40 40 40 40 40 40 39.3682 38.7339 38.7314 38.0934 37.4527 36.8094 36.1634 35.5146 34.863 34.2085 33.5511 32.8906 32.2271 32.2097 31.5414 30.8698 30.1948 29.5165 40 40 40 40 40 40 40 40 40 40 40 40 40 40 40 40 40 40 40 40 40
-1 -1 -1 -1 -1 -1 -1 -1 -1 -1 -1 -1 -1 -1 -1 -1 -1 -1 -1 -1 -1 -1 -1 -1 -1 -1 -1 -1 -1 -1 -1 -1 -1 -1 -1 -1 -1 -1 -1 -1 -1 -1 -1 -1 -1 -1 -1 -1 40 40 40 40 40 40 40 40 40 39.3697 38.737 38.7346 38.0981 37.4591 36.8175 36.1731 35.5261 34.8763 34.2236 33.568 32.9094 32.2478 32.2305 31.5641 30.8945 30.2216 29.5453 40 40 40 40 40 40 40 40 40 40 40 40 40 40 40 40 40 40 40 40 40
-1 -1 -1 -1 -1 -1 -1 -1 -1 -1 -1 -1 -1 -1 -1 -1 -1 -1 -1 -1 -1 -1 -1 -1 -1 -1 -1 -1 -1 -1 -1 -1 -1 -1 -1 -1 -1 -1 -1 -1 -1 -1 -1 -1 -1 -1 -1 40 40 40 40 40 40 40 40 40 40 40 39.3701 38.7377 38.1029 37.4655 37.4604 36.8191 36.1751 35.5283 34.8787 34.2263 33.571 32.9126 32.2513 31.5868 30.9191 30.8983 30.2256 40 40 40 40 40 40 40 40 40 40 40 40 40 40 40 40 40 40 40 40 40
-1 -1 -1 -1 -1 -1 -1 -1 -1 -1 -1 -1 -1 -1 -1 -1 -1 -1 -1 -1 -1 -1 -1 -1 -1 -1 -1 -1 -1 -1 -1 -1 -1 -1 -1 -1 -1 -1 -1 -1 -1 -1 -1 -1 -1 -1 40 40 40 40 40 40 40 40 40 40 40 40 40 39.3704 39.3692 38.7359 38.1001 37.4617 36.8207 36.177 35.5305 34.8812 34.2291 33.574 32.9159 32.2548 32.2374 31.5714 30.9021 40 40 40 40 40 40 40 40 40 40 40 40 40 40 40 40 40 40 40 40 40
-1 -1 -1 -1 -1 -1 -1 -1 -1 -1 -1 -1 -1 -1 -1 -1 -1 -1 -1 -1 -1 -1 -1 -1 -1 -1 -1 -1 -1 -1 -1 -1 -1 -1 -1 -1 -1 -1 -1 -1 -1 -1 -1 -1 -1 -1 40 40 40 40 40 40 40 40 40 40 40 40 40 40 40 39.3695 38.7366 38.1011 37.4631 36.8223 36.1789 35.5327 34.8837 34.2319 34.2193 33.5629 32.9034 32.2408 31.5751 40 40 40 40 40 40 40 40 40 40 40 40 40 40 40 40 40 40 40 40 40
-1 -1 -1 -1 -1 -1 -1 -1 -1 -1 -1 -1 -1 -1 -1 -1 -1 -1 -1 -1 -1 -1 -1 -1 -1 -1 -1 -1 -1 -1 -1 -1 -1 -1 -1 -1 -1 -1 -1 -1 -1 -1 -1 -1 -1 35.1069 40 40 40 40 40 40 40 40 40 40 40 40 40 40 40 40 39.3699 38.7373 38.1021 37.4644 36.824 36.8174 36.1729 35.5255 34.8753 34.2221 33.5659 32.9067 32.2444 40 40 40 40 40 40 40 40 40 40 40 40 40 40 40 40 40 40 40 40 40
-1 -1 -1 -1 -1 -1 -1 -1 -1 -1 -1 -1 -1 -1 -1 -1 -1 -1 -1 -1 -1 -1 -1 -1 -1 -1 -1 -1 -1 -1 -1 -1 -1 -1 -1 -1 -1 -1 -1 -1 -1 -1 -1 -1 35.7349 35.1179 40 40 40 40 40 40 40 40 40 40 40 40 40 40 40 40 40 39.3702 39.369 38.7354 38.0993 37.4605 36.8191 36.1748 35.5277 34.8778 34.2249 33.569 32.91 40 40 40 40 40 40 40 40 40 40 40 40 40 40 40 40 40 40 40 40 40
-1 -1 -1 -1 -1 -1 -1 -1 -1 -1 -1 -1 -1 -1 -1 -1 -1 -1 -1 -1 -1 -1 -1 -1 -1 -1 -1 -1 -1 -1 -1 -1 -1 -1 -1 -1 -1 -1 -1 -1 -1 -1 -1 -1 35.7444 35.1288 40 40 40 40 40 40 40 40 40 40 40 40 40 40 40 40 40 40 40 39.3693 38.7361 38.1003 37.4619 36.8207 36.1768 35.53 34.8803 34.2277 33.5721 40 40 40 40 40 40 40 40 40 40 40 40 40 40 40 40 40 40 40 40 40
-1 -1 -1 -1 -1 -1 -1 -1 -1 -1 -1 -1 -1 -1 -1 -1 -1 -1 -1 -1 -1 -1 -1 -1 -1 -1 -1 -1 -1 -1 -1 -1 -1 -1 -1 -1 -1 -1 -1 -1 -1 -1 -1 36.366 35.7538 35.1396 40 40 40 40 40 40 40 40 40 40 40 40 40 40 40 40 40 40 40 40 39.3697 38.7368 38.1014 37.4632 36.8224 36.1788 35.5323 35.5226 34.8716 40 40 40 40 40 40 40 40 40 40 40 40 40 40 40 40 40 40 40 40 40
-1 -1 -1 -1 -1 -1 -1 -1 -1 -1 -1 -1 -1 -1 -1 -1 -1 -1 -1 -1 -1 -1 -1 -1 -1 -1 -1 -1 -1 -1 -1 -1 -1 -1 -1 -1 -1 -1 -1 -1 -1 -1 36.9829 36.374 35.7632 35.1504 40 40 40 40 40 40 40 40 40 40 40 40 40 40 40 40 40 40 40 40 40 39.37 39.3688 38.7349 38.0985 37.4593 36.8173 36.1725 35.5248 40 40 40 40 40 40 40 40 40 40 40 40 40 40 40 40 40 40 40 40 40
-1 -1 -1 -1 -1 -1 -1 -1 -1 -1 -1 -1 -1 -1 -1 -1 -1 -1 -1 -1 -1 -1 -1 -1 -1 -1 -1 -1 -1 -1 -1 -1 -1 -1 -1 -1 -1 -1 -1 -1 -1 -1 37.5916 36.9849 36.3764 35.766 40 40 40 40 40 40 40 40 40 40 40 40 40 40 40 40 40 40 40 40 40 40 40 39.3691 38.7356 38.0995 37.4606 36.819 36.1745 40 40 40 40 40 40 40 40 40 40 40 40 40 40 40 40 40 40 40 40 40
-1 -1 -1 -1 -1 -1 -1 -1 -1 -1 -1 -1 -1 -1 -1 -1 -1 -1 -1 -1 -1 -1 -1 -1 -1 -1 -1 -1 -1 -1 -1 -1 -1 -1 -1 -1 -1 -1 -1 -1 -1 38.8001 38.1976 37.5932 36.987 36.3789 40 40 40 40 40 40 40 40 40 40 40 40 40 40 40 40 40 40 40 40 40 40 40 40 39.3695 38.7363 38.1005 37.462 36.8207 40 40 40 40 40 40 40 40 40 40 40 40 40 40 40 40 40 40 40 40 40
-1 -1 -1 -1 -1 -1 -1 -1 -1 -1 -1 -1 -1 -1 -1 -1 -1 -1 -1 -1 -1 -1 -1 -1 -1 -1 -1 -1 -1 -1 -1 -1 -1 -1 -1 -1 -1 -1 -1 -1 40 40 39.4005 38.7992 38.1962 37.5913 40 40 40 40 40 40 40 40 40 40 40 40 40 40 40 40 40 40 40 40 40 40 40 40 40 39.3698 38.7371 38.7344 38.0976 40 40 40 40 40 40 40 40 40 40 40 40 40 40 40 40 40 40 40 40 40
-1 -1 -1 -1 -1 -1 -1 -1 -1 -1 -1 -1 -1 -1 -1 -1 -1 -1 -1 -1 -1 -1 -1 -1 -1 -1 -1 -1 -1 -1 -1 -1 -1 -1 -1 -1 -1 -1 -1 -1 40 40 40 39.4009 38.8001 38.1974 40 40 40 40 40 40 40 40 40 40 40 40 40 40 40 40 40 40 40 40 40 40 40 40 40 40 40 39.3689 38.7351 40 40 40 40 40 40 40 40 40 40 40 40 40 40 40 40 40 40 40 40 40
-1 -1 -1 -1 -1 -1 -1 -1 -1 -1 -1 -1 -1 -1 -1 -1 -1 -1 -1 -1 -1 -1 -1 -1 -1 -1 -1 -1 -1 -1 -1 -1 -1 -1 -1 -1 -1 -1 -1 40 40 40 40 40 40 39.4005 40 40 40 40 40 40 40 40 40 40 40 40 40 40 40 40 40 40 40 40 40 40 40 40 40 40 40 40 39.3693 40 40 40 40 40 40 40 40 40 40 40 40 40 40 40 40 40 40 40 40 40
-1 -1 -1 -1 -1 -1 -1 -1 -1 -1 -1 -1 -1 -1 -1 -1 -1 -1 -1 -1 -1 -1 -1 -1 -1 -1 -1 -1 -1 -1 -1 -1 -1 -1 -1 -1 -1 -1 40 40 40 40 40 40 40 40 40 40 40 40 40 40 40 40 40 40 40 40 40 40 40 40 40 40 39.3825 38.7627 38.1406 37.5161 36.8891 36.2596 35.6276 34.993 34.3556 33.7156 33.0728 40 40 40 40 40 40 40 40 40 40 40 40 40 40 40 39.3471 38.6908 38.0311 37.3677 37.3606 36.6917
-1 -1 -1 -1 -1 -1 -1 -1 -1 -1 -1 -1 -1 -1 -1 -1 -1 -1 -1 -1 -1 -1 -1 -1 -1 -1 -1 -1 -1 -1 -1 -1 -1 -1 -1 -1 -1 -1 40 40 40 40 40 40 40 40 40 40 40 40 40 40 40 40 40 40 40 40 40 40 40 40 40 40 39.384 38.7658 38.1453 37.5224 36.897 36.2692 35.6389 35.006 34.3705 33.7322 33.0912 40 40 40 40 40 40 40 40 40 40 40 40 40 40 40 39.3491 38.6948 38.037 37.3758 37.3688 36.702
-1 -1 -1 -1 -1 -1 -1 -1 -1 -1 -1 -1 -1 -1 -1 -1 -1 -1 -1 -1 -1 -1 -1 -1 -1 -1 -1 -1 -1 -1 -1 -1 -1 -1 -1 -1 -1 40 40 40 40 40 40 40 40 40 40 40 40 40 40 40 40 40 40 40 40 40 40 40 40 40 40 40 39.3856 38.7689 38.1499 37.5286 36.9049 36.2788 35.6502 35.019 34.3852 33.7488 33.1096 40 40 40 40 40 40 40 40 40 40 40 40 40 40 40 39.351 38.6987 38.043 37.3838 37.3769 36.7122
-1 -1 -1 -1 -1 -1 -1 -1 -1 -1 -1 -1 -1 -1 -1 -1 -1 -1 -1 -1 -1 -1 -1 -1 -1 -1 -1 -1 -1 -1 -1 -1 -1 -1 -1 -1 -1 40 40 40 40 40 40 40 40 40 40 40 40 40 40 40 40 40 40 40 40 40 40 40 40 40 40 40 39.3871 38.772 38.1546 37.5349 36.9128 36.2883 35.6614 35.0319 34.3999 33.7652 33.1278 40 40 40 40 40 40 40 40 40 40 40 40 40 40 40 39.353 38.7026 38.049 37.3918 37.385 36.7225
-1 -1 -1 -1 -1 -1 -1 -1 -1 -1 -1 -1 -1 -1 -1 -1 -1 -1 -1 -1 -1 -1 -1 -1 -1 -1 -1 -1 -1 -1 -1 -1 -1 -1 -1 -1 40 40 40 40 40 40 40 40 40 40 40 40 40 40 40 40 40 40 40 40 40 40 40 40 40 40 40 40 39.3886 38.775 38.1592 37.5411 36.9206 36.2978 35.6725 35.0448 34.4145 33.7816 33.146 40 40 40 40 40 40 40 40 40 40 40 40 40 40 40 39.3549 38.7065 38.0549 37.3998 37.393 36.7326
-1 -1 -1 -1 -1 -1 -1 -1 -1 -1 -1 -1 -1 -1 -1 -1 -1 -1 -1 -1 -1 -1 -1 -1 -1 -1 -1 -1 -1 -1 -1 -1 -1 -1 -1 40 40 40 40 40 40 40 40 40 40 40 40 40 40 40 40 40 40 40 40 40 40 40 40 40 40 40 40 40 39.3901 38.778 38.1638 37.5472 36.9284 36.3072 35.6836 35.0576 34.429 33.7979 33.1641 40 40 40 40 40 40 40 40 40 40 40 40 40 40 40 39.3568 38.7104 38.0607 37.4077 37.401 36.7427
-1 -1 -1 -1 -1 -1 -1 -1 -1 -1 -1 -1 -1 -1 -1 -1 -1 -1 -1 -1 -1 -1 -1 -1 -1 -1 -1 -1 -1 -1 -1 -1 -1 -1 -1 40 40 40 40 40 40 40 40 40 40 40 40 40 40 40 40 40 40 40 40 40 40 40 40 40 40 40 40 40 39.3916 38.781 38.1683 37.5534 36.9361 36.3166 35.6947 35.0703 34.4435 33.8141 33.1821 40 40 40 40 40 40 40 40 40 40 40 40 40 40 40 39.3587 38.7143 38.0666 37.4156 37.409 36.7528
-1 -1 -1 -1 -1 -1 -1 -1 -1 -1 -1 -1 -1 -1 -1 -1 -1 -1 -1 -1 -1 -1 -1 -1 -1 -1 -1 -1 -1 -1 -1 -1 -1 -1 40 40 40 40 40 40 40 40 40 40 40 40 40 40 40 40 40 40 40 40 40 40 40 40 40 40 40 40 40 40 39.3931 38.784 38.1728 37.5595 36.9438 36.3259 35.7056 35.0829 34.4578 33.8302 33.2 40 40 40 40 40 40 40 40 40 40 40 40 40 40 40 39.3606 38.7181 38.0724 37.4235 37.4169 36.7628
-1 -1 -1 -1 -1 -1 -1 -1 -1 -1 -1 -1 -1 -1 -1 -1 -1 -1 -1 -1 -1 -1 -1 -1 -1 -1 -1 -1 -1 -1 -1 -1 -1 -1 40 40 40 40 40 40 40 40 40 40 40 40 40 40 40 40 40 40 40 40 40 40 40 40 40 40 40 40 40 40 39.3945 38.787 38.1773 37.5655 36.9515 36.3352 35.7165 35.0955 34.4721 33.8462 33.2178 40 40 40 40 40 40 40 40 40 40 40 40 40 40 40 39.3625 38.7219 38.0782 37.4313 37.4248 36.7727
-1 -1 -1 -1 -1 -1 -1 -1 -1 -1 -1 -1 -1 -1 -1 -1 -1 -1 -1 -1 -1 -1 -1 -1 -1 -1 -1 -1 -1 -1 -1 -1 -1 40 40 40 40 40 40 40 40 40 40 40 40 40 40 40 40 40 40 40 40 40 40 40 40 40 40 40 40 40 40 40 39.396 38.79 38.1818 37.5715 36.9591 36.3444 35.7274 35.108 34.4863 33.8622 33.2355 40 40 40 40 40 40 40 40 40 40 40 40 40 40 40 39.3644 38.7257 38.084 37.439 37.4326 36.7826
-1 -1 -1 -1 -1 -1 -1 -1 -1 -1 -1 -1 -1 -1 -1 -1 -1 -1 -1 -1 -1 -1 -1 -1 -1 -1 -1 -1 -1 -1 -1 -1 -1 40 40 40 40 40 40 40 40 40 40 40 40 40 40 40 40 40 40 40 40 40 40 40 40 40 40 40 40 40 40 40 39.3975 38.7929 38.1863 37.5775 36.9666 36.3535 35.7382 35.1205 34.5005 33.878 33.2531 40 40 40 40 40 40 40 40 40 40 40 40 40 40 40 39.3663 38.7295 38.0897 37.4467 37.4404 36.7925
-1 -1 -1 -1 -1 -1 -1 -1 -1 -1 -1 -1 -1 -1 -1 -1 -1 -1 -1 -1 -1 -1 -1 -1 -1 -1 -1 -1 -1 -1 -1 -1 40 40 40 40 40 40 40 40 40 40 40 40 40 40 40 40 40 40 40 40 40 40 40 40 40 40 40 40 40 40 40 40 39.3989 38.7958 38.1907 37.5835 36.9742 36.3626 35.7489 35.1329 34.5145 33.8938 33.2706 40 40 40 40 40 40 40 40 40 40 40 40 40 40 40 39.3681 38.7333 38.0954 37.4544 37.4482 36.8023
-1 -1 -1 -1 -1 -1 -1 -1 -1 -1 -1 -1 -1 -1 -1 -1 -1 -1 -1 -1 -1 -1 -1 -1 -1 -1 -1 -1 -1 -1 -1 40 40 40 40 40 40 40 40 40 40 40 40 40 40 40 40 40 40 40 40 40 40 40 40 40 40 40 40 40 40 40 40 40 39.4004 38.7987 38.1951 37.5894 36.9816 36.3717 35.7596 35.1452 34.5285 33.9094 33.288 40 40 40 40 40 40 40 40 40 40 40 40 40 40 40 39.37 38.737 38.1011 37.4621 37.4559 36.8121
